-1.353927237391673588e-01
4.776281590405294375e-03
-1.168116108971957584e-01
-1.247627320994661032e-01
-8.315590952451692996e-02
-1.251095456120586979e-01
-3.302127063263397139e-02
-1.779915718175575923e-02
7.737384994042945108e-03
5.467894005487270587e-02
-8.176877705235804927e-02
-2.582912282698912251e-02
-1.166236822283321477e-02
9.692195254799352427e-03
3.728220651409631242e-02
3.982988940587401522e-02
4.380594196530162437e-02
2.914179634263750623e-02
2.399960971509991492e-02
2.784054614158625734e-02
3.355650338922373799e-02
3.413791349928346763e-02
-4.657332716588381653e-03
-2.331191976445958196e-03
-1.013141719712521566e-01
-7.148781788907350443e-02
7.020899740395854238e-02
-1.041495914974481102e-01
1.235171849516798585e-02
-8.310599281699250496e-02
3.862889307826789659e-02
7.594426375512157434e-02
-9.517220874075100340e-03
-2.429971121070340911e-01
1.786874099136811361e-02
1.717750392780062474e-01
4.031886868489408665e-02
3.176104072677889828e-02
5.266709033454366334e-02
4.754305985719134366e-04
1.117584493695741345e-02
-1.232258436384613964e-01
2.935532660986981540e-02
4.529832398882979727e-02
3.983583925301958234e-02
9.015041800954946838e-02
1.671796542294654367e-02
-1.040524282484195789e-01
-1.624311860566993518e-02
-1.221325662587818134e-02
-1.754161947998993110e-02
1.409875477482640076e-02
3.769531140977436939e-02
-2.184882011852589678e-01
9.552119637714345801e-02
4.425311864112113636e-02
1.292539622081485540e-01
8.359312790024937823e-02
-6.871441845133523241e-02
1.590644622254608689e-02
-4.970361657059186970e-03
5.040715994142625639e-02
1.813432054289096720e-02
-4.880050963591318902e-02
-3.241123695520285730e-03
-7.166947355471578289e-03
-5.804703908895880032e-03
1.122335852391889537e-02
1.104282331039627401e-03
1.591649495826414143e-02
3.794320079808887261e-03
1.728754321581638456e-02
-4.160259583898921754e-03
-2.044530996404542774e-03
-1.014834778258484616e-02
-1.797502765482592328e-03
1.277017969286083597e-02
1.063748920295595800e-03
5.434309412869207587e-03
6.488680817791253261e-03
-1.146368511350016189e-03
8.397970655644946799e-04
-1.429083976676556213e-02
-6.235326784813539046e-03
-1.327793240109262840e-03
-6.524603785844341336e-03
1.824367719392494536e-02
-1.122379347878877352e-02
5.296865697042316655e-03
3.715353484835345194e-02
1.243691688394005929e-02
5.296865697048422882e-03
7.492664516961808872e-03
-6.415663536642388781e-03
3.710663729729970356e-03
6.806584917701733036e-04
7.650753681787861998e-03
-3.350124199547148667e-03
3.487257523569599251e-03
-8.074512163805390094e-03
2.491295913763417070e-03
7.156274641687451234e-03
-2.550838039470260804e-02
2.034344511975304595e-02
-5.088653494589710606e-03
3.991111797646733697e-03
