4.092202826631753942e-01
-1.499444177899148835e-02
3.862129984724808618e-01
3.961668651703551536e-01
2.650938654601015521e-01
4.087739486828129709e-01
1.011763864812949554e-01
4.715647419785586741e-02
-1.431026723585771682e-02
-1.282958797921356364e-01
2.458539853405566633e-01
5.130289816871944769e-02
2.455592522785789156e-02
-2.073988347200620211e-02
-1.401172980580962235e-01
-1.220395224509125548e-01
-1.553820989349266601e-01
-8.016194484568815726e-02
-5.940382222049462452e-02
-8.047398429002945719e-02
-1.056854858341093883e-01
-1.003353266760454721e-01
-9.402211058274585406e-04
2.643596094619212605e-02
3.217362351879913818e-01
2.442870590698661692e-01
-2.365392257923570329e-01
2.974909438279325080e-01
-4.125833056553903505e-02
2.913564712323201689e-01
-1.099408830132591885e-01
-2.199798385163046766e-01
1.333904111453216267e-02
7.906304951549163462e-01
-7.544930441367868335e-02
-5.684506610066079046e-01
-1.297980552875059312e-01
-1.183473145284766048e-01
-1.588103715843711405e-01
-9.504930851072380948e-03
-1.836700901940324301e-02
3.781802214014680641e-01
-9.401642240747183632e-02
-1.553831523990678309e-01
-1.243710824891301192e-01
-2.797064554342092446e-01
-6.856308043791309315e-02
3.291548997243187724e-01
4.186333856919227658e-02
4.637569549001047814e-02
4.510305721349693042e-02
-2.953670601137446325e-02
-1.407622653154630421e-01
7.143385708118202837e-01
-3.374177142126874585e-01
-1.523470646981310572e-01
-4.037963877662655299e-01
-2.506550351180283909e-01
2.179106846421901000e-01
-4.961487683438429303e-02
2.085381279614653000e-02
-1.577053577901468551e-01
-5.749350784239791456e-02
1.502175348496595786e-01
1.715793368527138846e-02
2.881763254706883395e-02
3.464613457851550577e-03
-3.500832138616050138e-02
1.032772208862467803e-02
-3.984213575849690492e-02
-2.110123730523673011e-02
-3.393028994886137378e-02
2.346760887968976292e-02
3.259419424682569871e-02
2.168042646807586196e-02
-5.048568979480186868e-03
-3.585582704891086825e-02
-2.485667166559323016e-02
-4.524886877828059040e-03
-1.329189470073278978e-02
9.250172547323961408e-03
-5.470409833419800048e-03
4.052835581955496064e-02
3.401982955758651311e-02
-1.988334929225599700e-03
2.035377646317263270e-02
-1.643012899134716279e-02
1.815424219193529504e-02
-8.747089127740215533e-03
-1.134490304069176031e-01
-2.280937901266941875e-02
-2.170548420120923735e-02
-2.153829535068918846e-02
2.001484116291515208e-02
-5.573205207254022450e-03
-2.187124532260489515e-02
-3.395951690874927931e-02
-3.981551186641726979e-04
-7.976264217164841935e-03
2.904399996891334976e-02
-7.770507363631731779e-03
-1.155771550954484868e-02
5.685801634685562489e-02
-2.858716877077706678e-02
1.069050348246253397e-02
5.540574025758233587e-03
