3.573363029496949839e-01
7.232401500431420716e-02
4.113308941058476664e-01
2.407449660079612919e+00
2.621277296671730150e-01
3.777039665506572441e-01
1.124835277193760724e-01
-2.175833489530742265e-02
-8.287287908397909797e-02
6.321358015766107008e-02
5.676811437999271237e-02
-1.002950662685693495e-01
-3.728031411468130801e-02
-1.552317766962886536e-01
-6.167680228598810405e-02
-1.766372944505938125e-01
-2.009304001559830133e-01
-6.247870477424243008e-02
-1.178229335980545689e-01
-1.459602212908585328e-01
-2.314579016335185091e-01
-1.713003543998787848e-01
4.161154354388589549e-02
4.496538237718216563e-02
2.966166397479727546e-01
1.995785449816360191e-01
-1.404671538307141199e-01
2.594751648202374139e-01
-5.882856501337362376e-01
2.232211185503882589e-01
1.160422512858728765e-02
-2.119896374059049293e-01
4.396272549872033003e-02
7.169333460236398947e-01
-7.316741166478972491e-02
-5.158860684962636167e-01
-1.290159312203157382e-01
-7.207292351427996291e-02
-8.245662068181815185e-03
-1.958908905969306002e-02
1.252308893175764319e-02
2.600849122445617057e-01
-1.869109980648727687e-01
-1.457216697770195024e-01
-7.171917406437830489e-02
-2.496061766906927104e-01
-2.916700099995510054e-01
1.602193095114428645e-01
7.982415490104426137e-02
7.387045898928334964e-02
1.096529640085006502e-01
-1.642660751469200014e-02
-6.666637833007685310e-02
-4.439263961506156875e-02
1.512058892819729550e-01
-9.691447678604402094e-02
-2.900156115573727655e-01
5.593759918124943664e-02
2.827690090986497706e-01
-5.290532201276213625e-02
3.974841400092275767e-02
-3.723525697160039172e-02
-1.686133906251658515e-02
3.056593489590923515e-02
3.004702796175739987e-02
2.014581334731567475e-02
-2.352063374645438354e-02
-8.579622896057892412e-02
2.214873110291627756e-02
-7.364500660959728828e-02
-3.013352905937938600e-02
-3.140877799311254936e-02
1.759398289328473544e-02
2.636948758544620589e-02
3.885721671807632754e-02
-2.074363072216412612e-02
5.016898706987666864e-03
3.271546333186788232e-03
-2.514892542531910538e-02
-2.131028080014128051e-02
-1.625866463447770511e-03
6.388458133918223369e-03
-1.453353036858310091e-02
7.457277250012292122e-03
2.120974981006639934e-02
3.528908430624255049e-02
1.515751527077193253e-02
2.950042874739672999e-02
-1.370784001104997062e-03
-7.928507663058842470e-02
-2.505858534784170116e-02
-1.356362283073936637e-01
-2.273575334953136656e-02
2.616162129591932672e-02
4.060922956867775782e-03
6.249690466698624644e-03
-2.737565957639821398e-02
7.886621880028678311e-03
-4.087290935590828789e-02
1.221054845883735515e-02
-1.801491158927944758e-01
5.998803671564034885e-03
8.021779974910284161e-02
-4.514723447410589480e-02
1.230548765987138880e-02
-1.290454482330818942e-02
